[gd_scene load_steps=5 format=3]

[ext_resource type="Script" path="res://scenes/game/board.gd" id="1_board"]
[ext_resource type="Script" path="res://scenes/game/camera_controller.gd" id="2_camera"]
[ext_resource type="PackedScene" path="res://scenes/ui/hud.tscn" id="3_hud"]

[sub_resource type="Environment" id="Environment_1"]
background_mode = 1
background_color = Color(0.15, 0.12, 0.1, 1)
ambient_light_source = 2
ambient_light_color = Color(0.3, 0.3, 0.3, 1)
tonemap_mode = 2

[node name="Main" type="Node3D"]

[node name="Board" type="Node3D" parent="."]
script = ExtResource("1_board")

[node name="Camera3D" type="Camera3D" parent="."]
transform = Transform3D(1, 0, 0, 0, 0.087, 0.996, 0, -0.996, 0.087, 0, 100, 5)
fov = 45.0
near = 1.0
far = 5000.0
script = ExtResource("2_camera")

[node name="WorldEnvironment" type="WorldEnvironment" parent="."]
environment = SubResource("Environment_1")

[node name="DirectionalLight3D" type="DirectionalLight3D" parent="."]
transform = Transform3D(1, 0, 0, 0, 0.5, -0.866, 0, 0.866, 0.5, 50, 120, 50)
light_color = Color(1, 0.97, 0.92, 1)
light_energy = 1.2
shadow_enabled = true

[node name="FillLight" type="DirectionalLight3D" parent="."]
transform = Transform3D(1, 0, 0, 0, 0.5, 0.866, 0, -0.866, 0.5, -30, 100, -50)
light_color = Color(0.8, 0.85, 1, 1)
light_energy = 0.4

[node name="HUD" parent="." instance=ExtResource("3_hud")]
